618    575    52750
627    572   53057
616    581   52711
614    584   52962
612    588   53358
609    593   53818
613    589   53441
611    588   53402
605    590   52992
607    590   52927
610    585   53084
610    582   52742
611    583   52895
617    578   52904
615    577   52352
621    571   52371
619    575   52643
622    572   52416
611    579   52454
625    566   51841
624    566   51820
616    574   52045
619    572   52411
618    573   52503
617    572   52462
623    571   52345
623    579   53032
618    583   53453
625    579   53117
613    586   53153
615    586   53150
618    581   53247
616    579   52556
612    580   52655
841    456   177022
610    580   52587
610    579   52477
612    575   52090
619    570   52259
619    571   52307
625    568   52058
613    577   52305
621    570   52207
